{
    "poses": [
        [
            [
                0.9748360369791339, 
                0.22292308316281778, 
                0.0, 
                0.24429768548580155
            ], 
            [
                -0.22292308316281778, 
                0.9748360369791339, 
                -0.0, 
                0.0597509765107041
            ], 
            [
                -0.0, 
                0.0, 
                1.0, 
                -0.07470067923632685
            ], 
            [
                0.0, 
                0.0, 
                0.0, 
                1.0
            ]
        ], 
        [
            [
                0.9931961239250119, 
                -0.11645367929066253, 
                0.0, 
                0.08452569835761183
            ], 
            [
                0.11645367929066253, 
                0.9931961239250119, 
                0.0, 
                -0.02311706562744964
            ], 
            [
                -0.0, 
                0.0, 
                1.0, 
                -0.07559007966361934
            ], 
            [
                0.0, 
                0.0, 
                0.0, 
                1.0
            ]
        ], 
        [
            [
                0.9989928373936778, 
                -0.04486993242839537, 
                0.0, 
                0.2888783609570935
            ], 
            [
                0.04486993242839537, 
                0.9989928373936778, 
                0.0, 
                -0.054223586009911943
            ], 
            [
                -0.0, 
                0.0, 
                1.0, 
                -0.07905201492356304
            ], 
            [
                0.0, 
                0.0, 
                0.0, 
                1.0
            ]
        ], 
        [
            [
                0.999635148096329, 
                0.027010566273781088, 
                0.0, 
                0.09347175585442954
            ], 
            [
                -0.027010566273781088, 
                0.999635148096329, 
                -0.0, 
                0.24565760433311667
            ], 
            [
                -0.0, 
                0.0, 
                1.0, 
                -0.08007022552260666
            ], 
            [
                0.0, 
                0.0, 
                0.0, 
                1.0
            ]
        ], 
        [
            [
                0.9829824856623037, 
                0.18369930016513103, 
                0.0, 
                0.11330031856925742
            ], 
            [
                -0.18369930016513103, 
                0.9829824856623037, 
                -0.0, 
                0.1759819768681396
            ], 
            [
                -0.0, 
                0.0, 
                1.0, 
                -0.07508132963035821
            ], 
            [
                0.0, 
                0.0, 
                0.0, 
                1.0
            ]
        ], 
        [
            [
                0.9805433948494747, 
                0.1963024473027963, 
                0.0, 
                0.09509061284021089
            ], 
            [
                -0.1963024473027963, 
                0.9805433948494747, 
                -0.0, 
                0.0734617207727308
            ], 
            [
                -0.0, 
                0.0, 
                1.0, 
                -0.07785061002042923
            ], 
            [
                0.0, 
                0.0, 
                0.0, 
                1.0
            ]
        ], 
        [
            [
                0.9435828930187224, 
                0.3311364129817473, 
                0.0, 
                0.16274325639048864
            ], 
            [
                -0.3311364129817473, 
                0.9435828930187224, 
                -0.0, 
                0.0006344583753582975
            ], 
            [
                -0.0, 
                0.0, 
                1.0, 
                -0.07777412294623748
            ], 
            [
                0.0, 
                0.0, 
                0.0, 
                1.0
            ]
        ], 
        [
            [
                0.9943325246570817, 
                0.10631477041819734, 
                0.0, 
                0.24882777488514987
            ], 
            [
                -0.10631477041819734, 
                0.9943325246570817, 
                -0.0, 
                0.12629542704299165
            ], 
            [
                -0.0, 
                0.0, 
                1.0, 
                -0.07973820762257215
            ], 
            [
                0.0, 
                0.0, 
                0.0, 
                1.0
            ]
        ], 
        [
            [
                0.9999701148490292, 
                0.007731067767084927, 
                0.0, 
                0.07974180254893692
            ], 
            [
                -0.007731067767084927, 
                0.9999701148490292, 
                -0.0, 
                0.2721351875575659
            ], 
            [
                -0.0, 
                0.0, 
                1.0, 
                -0.07699945151415323
            ], 
            [
                0.0, 
                0.0, 
                0.0, 
                1.0
            ]
        ], 
        [
            [
                0.9713083182302765, 
                0.23782378126813097, 
                0.0, 
                0.24821020110004283
            ], 
            [
                -0.23782378126813097, 
                0.9713083182302765, 
                -0.0, 
                0.098596449399732
            ], 
            [
                -0.0, 
                0.0, 
                1.0, 
                -0.0786546381901704
            ], 
            [
                0.0, 
                0.0, 
                0.0, 
                1.0
            ]
        ]
    ]
}